07107595048
01453373332
01453373357
01453373415
01453373472
01453374231
01453375915
01453375964
01453375972
01453375998
01453376566
01453376590
01453376640
01453376673
01453376707
01453376962
01453377119
01453377135
01453377176
01453377192
01453377259
01453377432
01453377465
01453377499
01453377622
01453377838
01453377879
01453378125
01453378166
01453378190
01453378588
01453378612
01453378646
01453378679
01453378687
01453378836
01453379024
01453379065
01453379149
01453379420
01453379669
01453379727
01453379750
01453379776
01453379792
01453379883
01453379891
01453379925
01453379974
01453379982
01453380022
01453380121
01453380303
01453380352
01453380402
01453381418
01453382093
01453384149
01453384180
01453384271
01453384289
01453384552
01453384578
01453384594
01453384818
01453385146
01453385716
01453385930
01453385948
01453385963
01453386011
01453386094
01453386516
01453386540
01453387068
01453387084
01453387126
01453389049
01453389056
01453389106
01453392787
01453394346
01453397448
01453398222
01453400127
01453400150
01453405175
01453405191
01453406645
01453406686
01453406843
01453408013
01453408047
01453408070
01453408096
01453408211
01453408658
01453408666
01453408708
01453408922
01453408955
01453409185
01453409235
01453409243
01453409292
01453409318
01453409342
01453409839
01453409938
01453409953
01453409995
01453410019
01453410035
01453410076
01453410092
01453410134
01453410225
01453410241
01453410266
01453410290
01453410316
01453410373
01453410423
01453410464
01453410746
01453410761
01453410878
01453410894
01453410928
01453410944
01453410951
01453410977
01453410985
01453411009
01453411025
01453411033
01453411058
01453411090
01453411124
01453411132
01453411157
01453411199
01453411223
01453411264
01453411298
01453411314
01453411330
01453411355
01453411363
01453411389
01453411405
01453411421
01453411454
01453411470
01453411496
01453411520
01453411553
01453411579
01453411595
01453411603
01453411645
01453411678
01453411702
01453411736
01453411744
01453411769
01453411777
01453411835
01453411843
01453411868
01453411884
01453411918
01453412031
01453412064
01453412080
01453412106
01453412387
01453412429
01453412460
01453412502
01453412536
01453412619
01453412668
01453412759
01453412817
01453412924
01453412957
01453412965
01453414250
01453415521
01453415695
01453416446
01453421255
01453431007
01453431023
01453431072
01453432401
01453432476
01453438218
01453438267
01453438812
01453448092
01453448159
01453466888
01453466904
01453467845
01453467878
01453467894
01453467910
01453468652
01453468686
01453468702
01453468710
01453469627
01453469999
01453470658
01453470716
01453471086
01453471292
01453474254
01453474627
01453474635
01453475319
01453475327
01453476069
01453476101
01453478271
01453478305
01453479055
01453479774
01453480350
01453480376
01453480590
01453482372
01453484501
01453485318
01453486159
01453486621
01453489591
01453490607
01453491613
01453491829
01453493643
01453495275
01453688796
01453690446
01453691444
01453691451
01453691485
01453691501
01453693358
01453695387
01453695437
01453696161
01453697516
01453697938
01453698225
01453698266
01453700120
01453700153
01453700161
01453700187
01453700229
01453700252
01453700278
01453700294
01453745828
01453746446
01453746503
01453747071
01453747329
01453747428
01453748087
01453748111
01453748145
01453748152
01453748194
01453748244
01453748251
01453748269
01453748293
01453748301
01453748327
01453749150
01453749200
01453749218
01453749234
01453749267
01453749309
01453749325
01453749341
01453749390
01453749424
01453749499
01453749655
01453749689
01453749713
01453749721
01453749747
01453749770
01453749945
01453749994
01453750141
01453750166
01453750448
01453750703
01453751685
01453752535
01453752667
01453752998
01453753228
01453753293
01453753541
01453753558
01453753616
01453753731
01453753814
01453754325
01453754358
01453754945
01453754994
01453755124
01453755157
01453755181
01453755215
01453755371
01453755678
01453755868
01453755876
01453755892
01453755900
01453756023
01453756056
01453756106
01453757856
01453760033
01453761171
01453763623
01453764605
01453765578
01453765834
01453767145
01453767533
01453767608
01453768416
01453768457
01453768697
01453768937
01453769158
01453769588
01453770370
01453770784
01453771923
01453771949
01453771972
01453771980
01453772004
01453772061
01453772152
01453772194
01453772012
01453772525
01453772541
01453772566
01453772574
01453772590
01453772616
01453772764
01453772814
01453772830
01453772863
01453772889
01453772905
01453773044
01453773150
01453773176
01453773192
01453773218
01453773341
01453773366
01453773390
01453773416
01453773424
01453773432
01453773457
01453773473
01453773499
01453773507
01453773523
01453773531
01453773556
01453773580
01453773614
01453773739
01453773754
01453773770
01453773788
01453773796
01453773812
01453773820
01453773846
01453773879
01453773887
01453773903
01453773911
01453774042
01453774059
01453774075
01453774083
01453774109
01453774125
01453774141
01453774158
01453774174
01453774190
01453774208
01453774331
01453774356
01453774364
01453774398
01453774406
01453774471
01453774521
01453774653
01453774828
01453774836
01453774851
01453774869
01453774893
01453774901
01453774927
01453774943
01453774950
01453774976
01453774984
01453775015
01453775122
01453775130
01453775148
01453775163
01453775171
01453775197
01453775213
01453775239
01453775254
01453775262
01453775288
01453775304
01453775312
01453775338
01453775361
01453775379
01453775395
01453775403
01453775536
01453775569
01453776013
01453776245
01453776435
01453776443
01453776468
01453776484
01453776518
01453776526
01453776542
01453776716
01453776732
01453776765
01453776781
01453776799
01453776815
01453777359
01453777375
01453777391
01453777565
01453777664
01453777847
01453777904
01453778449
01453778795
01453779132
01453779140
01453779165
01453779181
01453779215
01453779470
01453779561
01453779728
01453779793
01453780163
01453780189
01453780197
01453780205
01453780437
01453780452
01453780460
01453780486
01453780494
01453780627
01453780643
01453780650
01453780684
01453780692
01453780718
01453780726
01453780742
01453780767
01453780783
01453780809
01453780932
01453781013
01453782037
01453782045
01453782086
01453782102
01453782144
01453782623
01453782631
01453782656
01453782672
01453782680
01453782698
01453782714
01453782912
01453782946
01453782979
01453782987
01453782995
01453783019
01453783241
01453783282
01453783308
01453783423
01453783449
01453783464
01453783472
01453783498
01453783621
01453783670
01453783720
01453783746
01453783761
01453783787
01453783811
01453783928
01453783951
01453783969
01453783985
01453783993
01453784017
01453784231
01453784249
01453784256
01453784272
01453784280
01453784306
01453784314
01453784520
01453784546
01453784579
01453784587
01453784603
01453784611
01453784629
01453784652
01453784660
01453784678
01453784686
01453784702
01453784868
01453785139
01453785154
01453785162
01453785196
01453785204
01453785212
01453785311
01453785337
01453785352
01453785378
01453785394
01453785428
01453785436
01453785451
01453785477
01453785493
01453785592
01453785618
01453785832
01453785840
01453785857
01453785873
01453785881
01453785899
01453786236
01453786244
01453786269
01453786277
01453786293
01453786327
01453786335
01453786368
01453786384
01453786392
01453786418
01453786426
01453786459
01453786467
01453786483
01453786491
01453786517
01453786731
01453786756
01453786764
01453786798
01453786863
01453786871
01453787234
01453787242
01453787267
01453787283
01453787309
01453787317
01453787739
01453787747
01453787762
01453787796
01453787804
01453788166
01453788232
01453788265
01453788299
01453788307
01453788927
01453788976
01453790295
01453790857
01453791152
01453791202
01453796284
01453796375
01453798405
01453813246
01453813279
01453813733
01453813782
01453813873
01453813931
01453813949
01453813972
01453814111
01453814178
01453814186
01453814269
01453814384
01453814426
01453814475
01454006089
01454006246
01454006279
01454006287
01454006303
01454006444
01454006550
01454006600
01454006956
01454006980
01454007236
01454007251
01454007277
01454007301
01454007350
01454007368
01454007608
01454008226
01454008465
01454008499
01454008515
01454009091
01454009224
01454009257
01454009273
01454009315
01454010057
01454010073
01454010107
01454010883
01454010909
01454010933
01454010958
01454010974
01454010982
01454011006
01454011022
01454011030
01454011824
01454012137
01454012418
01454012541
01454012616
01454012657
01454012814
01454013465
01454013507
01454013846
01454015858
01454015882
01454015932
01454015973
01454015999
01454016138
01454016146
01454016179
01454016237
01454016252
01454016278
01454016286
01454016302
01454017136
01454017151
01454017177
01454017219
01454017326
01454017342
01454017367
01454017417
01454017870
01454018035
